4294967279,87
4294967279,86
4294967279,85
4294967279,84
4294967279,83
4294967279,82
4294967279,81
4294967279,80
4294967279,79
4294967279,78
4294967279,77
4294967279,76
4294967279,75
4294967279,74
4294967279,73
4294967279,72
4294967279,71
4294967279,70
4294967279,69
4294967279,68
4294967279,67
4294967279,66
4294967279,65
4294967279,64
4294967279,63
4294967279,62
4294967279,61
4294967279,60
4294967279,59
4294967279,58
4294967279,57
4294967279,56
4294967279,55
4294967279,54
4294967278,37
4294967278,36
4294967278,35
4294967278,34
4294967278,33
4294967278,32
4294967278,31
4294967278,30
4294967278,29
4294967278,28
4294967278,27
4294967278,26
4294967278,25
4294967278,24
4294967278,23
4294967278,22
4294967278,21
4294967278,20
4294967278,17
4294967278,16
4294967278,15
4294967278,14
4294967278,13
4294967278,10
4294967278,8
4294967278,7
4294967278,6
4294967278,5
4294967278,4
4294967279,123
4294967279,122
4294967279,121
4294967279,120
4294967279,118
4294967279,117
4294967279,116
4294967279,115
4294967279,238
4294967279,114
4294967279,113
4294967279,112
4294967279,232
4294967279,111
4294967279,230
4294967279,110
4294967279,109
4294967279,108
4294967279,107
4294967279,106
4294967279,220
4294967279,105
4294967279,104
4294967279,103
4294967279,102
4294967279,101
4294967279,100
4294967279,99
4294967279,98
4294967279,97
4294967279,96
4294967279,95
4294967279,94
4294967279,93
4294967279,92
4294967279,91
4294967279,90
4294967279,89
4294967279,20
4294967279,16
4294967279,14
4294967279,10
4294967279,525
4294967279,23
4294967278,134
4294967279,133
4294967278,133
4294967279,21
4294967279,268
4294967278,276
4294967279,270
4294967278,335
4294967278,19
4294967279,19
4294967279,267
4294967278,18
4294967278,275
4294967294,97
4294967294,30
4294967294,942
4294967294,941
4294967294,938
4294967294,922
4294967294,128
4294967294,829
4294967294,828
4294967294,60
4294967279,266
4294967294,75
4294967294,127
4294967294,14
4294967294,126
4294967294,12
4294967279,524
4294967279,17
4294967279,277
4294967279,265
4294967279,264
4294967279,276
4294967278,12
4294967278,282
4294967279,12
4294967278,11
4294967278,281
4294967278,266
4294967278,265
4294967279,275
4294967294,436
4294967278,9
4294967278,280
4294967279,258
4294967279,523
4294967278,264
4294967279,257
4294967279,256
4294967278,262
4294967279,253
4294967279,255
18,5
4294967278,261
18,4
4294967279,254
18,3
18,2
18,1
4294967279,522
4294967278,278
4294967279,521
4294967279,132
4294967278,257
4294967279,520
4294967279,131
4294967279,246
4294967278,334
4294967278,256
4294967279,519
4294967279,130
4294967278,333
4294967279,518
4294967279,129
4294967279,128
4294967279,252
4294967279,119
4294967278,332
4294967279,517
4294967279,127
4294967278,331
4294967278,255
4294967279,516
4294967279,126
4294967278,330
4294967279,515
4294967279,125
4294967278,254
4294967278,329
4294967279,514
4294967279,513
4294967279,124
4294967278,328
4294967278,250
16,5
4294967278,248
16,4
16,3
16,2
16,1
4294967278,246
4294967278,242
4294967278,240
4294967278,239
4294967278,238
4294967278,234
4294967278,327
4294967278,235
14,6
4294967278,232
4294967278,233
4294967278,230
14,5
4294967278,226
14,4
4294967278,224
14,3
14,2
14,1
4294967278,223
4294967278,222
4294967294,120
4294967294,409
4294967294,396
4294967294,413
4294967294,178
4294967294,407
4294967294,385
4294967294,179
4294967294,948
4294967294,398
4294967294,403
4294967294,384
4294967294,167
4294967294,415
4294967294,118
4294967294,111
4294967294,456
4294967294,466
4294967278,216
4294967278,219
4294967278,217
13,5
4294967278,214
4294967279,512
4294967278,213
13,4
13,3
13,2
13,1
4294967279,319
4294967278,212
4294967278,211
4294967278,210
4294967278,326
4294967279,318
4294967279,317
4294967278,209
12,5
4294967278,207
12,4
4294967278,206
12,3
12,2
12,1
4294967278,325
4294967278,205
4294967294,392
4294967294,393
4294967294,389
4294967294,115
4294967294,468
4294967278,202
4294967279,316
4294967278,324
4294967278,323
11,5
4294967278,201
4294967278,200
11,4
11,3
11,2
11,1
4294967279,315
4294967278,199
0,7
4294967294,176
4294967294,898
4294967294,185
4294967294,82
4294967278,322
4294967279,314
